
Radar, Laser individual and combine result comparison for 3 dataset from each.

1. RADAR Only predict & measurement
-----------------------------------------------------------
x_ =  -7.93876
   10.687
   4.8172
-0.119524                                                           P_ = Error covariance matrix
P_ = 0.0396819  0.021896 0.0626574 0.0323342                         Uncertainity of 
     ---px----                                                        px: 0.03 , py: 0.02 , vx: 0.2 , vy: 0.14
     0.021896 0.0247397 0.0410909 0.0332699
              ---py---
     0.0626574 0.0410909  0.213477  0.102155
                          ---vx---
     0.0323342 0.0332699  0.102155  0.140257
                                    ---vy---

x_ =   -7.59856
   10.7285
   4.93931
0.00254126
P_ = 0.0334845 0.0172945 0.0528359 0.0249555
     0.0172945 0.0203013 0.0344824 0.0241819
     0.0528359 0.0344824   0.19508 0.0971346
     0.0249555 0.0241819 0.0971346  0.109211

x_ =   -7.35159
   10.7286
   4.93931
0.00254126
P_ = 0.0392698 0.0205092 0.0631524 0.0298122
     0.0205092 0.0230066 0.0393391  0.030205
     0.0631524 0.0393391   0.21758 0.0971346
     0.0298122  0.030205 0.0971346  0.131711


2. LASER Only predict & measurement
----------------------------------------------------------- 
x_ = -8.79232
 11.0766
 5.12924
0.376559                                                            Uncertainity of
P_ = 0.00927543  0          0.0243948          0                      px: 0.009 , py: 0.009 , vx: 0.14 , vy: 0.14
     ---px----
     0           0.00927543 0                  0.0243948              px: 70% reduction in uncertainity than radar
                    ----py---                                         py: 55% reduction in uncertainity than radar
     0.0243948   0          0.1486             0                      vx and vy almost same uncertainity for radar or
                            ---vx---                                  laser only
     0           0.0243948  0                  0.1486
                                               ---vy---
x_ = -8.53585
 11.0954
 5.12924
0.376559
P_ = 0.0121005         0       0.0323873         0
     0                 0.0121005    0            0.0323873
     0.0323873         0            0.1711       0
     0                 0.0323873    0            0.1711
LASER
x_ =  -8.41999
   10.926
  4.75947
-0.118466
P_ = 0.00927543     0                0.0243948       0
     0              0.00927543       0               0.0243948
     0.0243948      0                0.1486          0
     0              0.0243948        0               0.1486

3. RADAR & LASER combine predict & measurement
-----------------------------------------------------------
RADAR
x_ =  -8.16108
  10.8292
  4.76408
-0.189205                                                          Uncertainity of
                                                                     px: 0.008 , py: 0.006 , vx: 0.12 , vy: 0.08
P_ =                                                                 less uncertainity about px,py,vx,vy than individual
0.00827041 0.00326529  0.0213945  0.0104569                          one, see above
---px---
0.00326529 0.00601796  0.0121341   0.012823
           ---py---
 0.0213945  0.0121341   0.123154  0.0556293
                        ---vx---
 0.0104569   0.012823  0.0556293  0.0831752
                                  ----vy---

LASER
x_ =  -7.77955
  10.9042
  5.15254
0.0386998
P_ = 
0.00694562   0.002349  0.0178786 0.00732015
  0.002349 0.00528277 0.00847839   0.012043
 0.0178786 0.00847839   0.117694   0.038499
0.00732015   0.012043   0.038499  0.0919778
RADAR
x_ =  -7.51129
  10.9031
  5.14932
0.0779047
P_ = 
0.00841311 0.00315017  0.0220687 0.00988118
0.00315017 0.00579187  0.0118113  0.0119264
 0.0220687  0.0118113   0.127099  0.0534813
0.00988118  0.0119264  0.0534813  0.0785507
LASER
x_ =  -7.23246
  10.8959
  5.19534
0.0613838
P_ = 
0.00706985 0.00226997  0.0184169 0.00695398
0.00226997 0.00511771 0.00826626  0.0114158
 0.0184169 0.00826626   0.120551  0.0371732
0.00695398  0.0114158  0.0371732  0.0888411
